1305031102.175304 rgb/1305031102.175304.png 1305031102.160407 depth/1305031102.160407.png 1305031102.175800 1.3405 0.6266 1.6575 0.6574 0.6126 -0.2949 -0.3248
1305031102.575286 rgb/1305031102.575286.png 1305031102.562224 depth/1305031102.562224.png 1305031102.575900 1.2434 0.6244 1.5508 0.6651 0.6328 -0.2758 -0.2847
1305031102.975203 rgb/1305031102.975203.png 1305031102.962137 depth/1305031102.962137.png 1305031102.975900 1.1501 0.6226 1.4343 0.6640 0.6334 -0.2718 -0.2898
1305031103.343223 rgb/1305031103.343223.png 1305031103.327550 depth/1305031103.327550.png 1305031103.345900 1.1009 0.6229 1.3582 0.6777 0.6355 -0.2758 -0.2468
1305031103.675523 rgb/1305031103.675523.png 1305031103.663594 depth/1305031103.663594.png 1305031103.675800 1.1337 0.6223 1.4249 0.6659 0.6382 -0.2967 -0.2475
1305031104.011232 rgb/1305031104.011232.png 1305031103.994365 depth/1305031103.994365.png 1305031104.015800 1.2138 0.6239 1.5471 0.6506 0.6505 -0.3009 -0.2512
1305031104.343342 rgb/1305031104.343342.png 1305031104.331403 depth/1305031104.331403.png 1305031104.346000 1.2930 0.6283 1.6526 0.6469 0.6355 -0.2953 -0.3009
1305031104.675525 rgb/1305031104.675525.png 1305031104.659863 depth/1305031104.659863.png 1305031104.675900 1.3655 0.6214 1.7242 0.6437 0.6094 -0.3083 -0.3452
1305031105.011290 rgb/1305031105.011290.png 1305031104.998342 depth/1305031104.998342.png 1305031105.015800 1.3905 0.6374 1.7422 0.6448 0.5698 -0.3235 -0.3935
1305031105.343302 rgb/1305031105.343302.png 1305031105.328878 depth/1305031105.328878.png 1305031105.345800 1.3001 0.6218 1.6511 0.6524 0.6199 -0.2957 -0.3204
1305031105.711309 rgb/1305031105.711309.png 1305031105.698235 depth/1305031105.698235.png 1305031105.715800 1.1932 0.6185 1.5399 0.6606 0.6302 -0.2887 -0.2884
1305031106.043355 rgb/1305031106.043355.png 1305031106.030147 depth/1305031106.030147.png 1305031106.045800 1.1105 0.6370 1.4292 0.6831 0.6144 -0.2638 -0.2939
1305031106.375388 rgb/1305031106.375388.png 1305031106.366158 depth/1305031106.366158.png 1305031106.375800 1.0707 0.6316 1.3544 0.6961 0.6232 -0.2456 -0.2583
1305031106.711508 rgb/1305031106.711508.png 1305031106.699110 depth/1305031106.699110.png 1305031106.715800 1.1207 0.6250 1.4279 0.6757 0.6411 -0.2574 -0.2571
1305031107.043281 rgb/1305031107.043281.png 1305031107.030348 depth/1305031107.030348.png 1305031107.045800 1.2234 0.6151 1.5589 0.6532 0.6525 -0.2701 -0.2730
1305031107.375413 rgb/1305031107.375413.png 1305031107.367183 depth/1305031107.367183.png 1305031107.375800 1.3088 0.6183 1.6648 0.6409 0.6317 -0.2875 -0.3279
1305031107.711307 rgb/1305031107.711307.png 1305031107.699390 depth/1305031107.699390.png 1305031107.715700 1.3174 0.6442 1.6715 0.6509 0.6176 -0.2817 -0.3399
1305031108.043418 rgb/1305031108.043418.png 1305031108.034824 depth/1305031108.034824.png 1305031108.045800 1.3079 0.6765 1.6500 0.6523 0.6137 -0.2678 -0.3552
1305031108.375410 rgb/1305031108.375410.png 1305031108.367285 depth/1305031108.367285.png 1305031108.375800 1.2931 0.7993 1.6251 0.6716 0.6031 -0.2488 -0.3513
1305031108.711411 rgb/1305031108.711411.png 1305031108.703346 depth/1305031108.703346.png 1305031108.715800 1.2970 0.9260 1.6048 0.7032 0.5711 -0.2296 -0.3559
1305031109.111282 rgb/1305031109.111282.png 1305031109.103294 depth/1305031109.103294.png 1305031109.115700 1.3102 0.9266 1.6154 0.7016 0.5698 -0.2506 -0.3469
1305031109.443302 rgb/1305031109.443302.png 1305031109.434469 depth/1305031109.434469.png 1305031109.445700 1.3099 0.7933 1.6134 0.6914 0.5979 -0.2735 -0.2995
1305031109.775277 rgb/1305031109.775277.png 1305031109.767470 depth/1305031109.767470.png 1305031109.775800 1.3129 0.6598 1.6146 0.6832 0.6138 -0.2730 -0.2862
1305031110.111325 rgb/1305031110.111325.png 1305031110.101397 depth/1305031110.101397.png 1305031110.115700 1.2919 0.5179 1.5900 0.6578 0.6559 -0.2562 -0.2672
1305031110.443260 rgb/1305031110.443260.png 1305031110.435647 depth/1305031110.435647.png 1305031110.445700 1.2860 0.4043 1.5804 0.6325 0.6806 -0.2769 -0.2450
1305031110.779193 rgb/1305031110.779193.png 1305031110.769734 depth/1305031110.769734.png 1305031110.775800 1.2864 0.3123 1.5722 0.6070 0.7094 -0.2808 -0.2222
1305031111.111508 rgb/1305031111.111508.png 1305031111.103658 depth/1305031111.103658.png 1305031111.115700 1.2876 0.3489 1.5672 0.6154 0.7046 -0.2740 -0.2228
1305031111.443386 rgb/1305031111.443386.png 1305031111.438948 depth/1305031111.438948.png 1305031111.445700 1.2876 0.4647 1.5718 0.6205 0.6930 -0.2813 -0.2360
1305031111.779423 rgb/1305031111.779423.png 1305031111.771228 depth/1305031111.771228.png 1305031111.775700 1.2882 0.6145 1.5805 0.6647 0.6385 -0.2586 -0.2890
1305031112.111423 rgb/1305031112.111423.png 1305031112.102495 depth/1305031112.102495.png 1305031112.115700 1.2909 0.7561 1.5833 0.6838 0.6046 -0.2396 -0.3308
1305031112.443391 rgb/1305031112.443391.png 1305031112.439064 depth/1305031112.439064.png 1305031112.445700 1.2913 0.8918 1.5969 0.6808 0.5880 -0.2339 -0.3689
1305031112.779310 rgb/1305031112.779310.png 1305031112.771523 depth/1305031112.771523.png 1305031112.775700 1.2979 0.9648 1.5903 0.7143 0.5570 -0.2347 -0.3528
1305031113.111316 rgb/1305031113.111316.png 1305031113.107662 depth/1305031113.107662.png 1305031113.115700 1.2978 0.8940 1.5884 0.7019 0.5811 -0.2479 -0.3290
1305031113.443266 rgb/1305031113.443266.png 1305031113.439787 depth/1305031113.439787.png 1305031113.445700 1.2851 0.7429 1.6025 0.6858 0.6023 -0.2838 -0.2939
1305031113.779320 rgb/1305031113.779320.png 1305031113.774168 depth/1305031113.774168.png 1305031113.775700 1.2732 0.5852 1.6008 0.6611 0.6371 -0.2718 -0.2885
1305031114.111263 rgb/1305031114.111263.png 1305031114.106402 depth/1305031114.106402.png 1305031114.115700 1.2622 0.4421 1.5887 0.6326 0.6519 -0.2814 -0.3091
1305031114.443345 rgb/1305031114.443345.png 1305031114.438540 depth/1305031114.438540.png 1305031114.445600 1.2484 0.3200 1.5734 0.6041 0.6772 -0.2981 -0.2960
1305031114.779289 rgb/1305031114.779289.png 1305031114.774847 depth/1305031114.774847.png 1305031114.775700 1.2367 0.2674 1.5745 0.5970 0.6906 -0.3109 -0.2648
1305031115.111230 rgb/1305031115.111230.png 1305031115.107074 depth/1305031115.107074.png 1305031115.115700 1.2432 0.3334 1.5562 0.6044 0.6934 -0.2921 -0.2621
1305031115.443159 rgb/1305031115.443159.png 1305031115.443040 depth/1305031115.443040.png 1305031115.445700 1.2263 0.4915 1.5367 0.6368 0.6668 -0.2874 -0.2594
1305031115.779425 rgb/1305031115.779425.png 1305031115.774329 depth/1305031115.774329.png 1305031115.775700 1.2350 0.6720 1.5394 0.6948 0.6068 -0.2735 -0.2725
1305031116.111300 rgb/1305031116.111300.png 1305031116.108247 depth/1305031116.108247.png 1305031116.115700 1.2426 0.8201 1.5224 0.7495 0.5497 -0.2233 -0.2936
1305031116.443369 rgb/1305031116.443369.png 1305031116.442496 depth/1305031116.442496.png 1305031116.445600 1.2539 0.9077 1.5184 0.7818 0.5086 -0.1960 -0.3027
1305031116.779298 rgb/1305031116.779298.png 1305031116.775059 depth/1305031116.775059.png 1305031116.775700 1.2560 0.8034 1.5326 0.7376 0.5670 -0.2025 -0.3057
1305031117.111238 rgb/1305031117.111238.png 1305031117.110454 depth/1305031117.110454.png 1305031117.115900 1.2641 0.6296 1.5266 0.6714 0.6439 -0.2535 -0.2653
1305031117.443274 rgb/1305031117.443274.png 1305031117.442208 depth/1305031117.442208.png 1305031117.445600 1.2566 0.5830 1.5291 0.6590 0.6623 -0.2557 -0.2484
1305031117.779467 rgb/1305031117.779467.png 1305031117.778969 depth/1305031117.778969.png 1305031117.775700 1.1931 0.5836 1.5755 0.6583 0.6577 -0.2772 -0.2392
1305031118.111217 rgb/1305031118.111217.png 1305031118.110863 depth/1305031118.110863.png 1305031118.115600 1.0891 0.5854 1.6229 0.6633 0.6527 -0.2670 -0.2506
1305031118.445692 rgb/1305031118.445692.png 1305031118.445703 depth/1305031118.445703.png 1305031118.445700 1.0114 0.5904 1.6623 0.6568 0.6457 -0.2788 -0.2719
1305031118.779277 rgb/1305031118.779277.png 1305031118.778790 depth/1305031118.778790.png 1305031118.775600 1.0474 0.5942 1.6301 0.6533 0.6529 -0.2746 -0.2675
1305031119.111328 rgb/1305031119.111328.png 1305031119.110884 depth/1305031119.110884.png 1305031119.115600 1.1733 0.5838 1.5788 0.6439 0.6619 -0.2735 -0.2693
1305031119.447706 rgb/1305031119.447706.png 1305031119.447726 depth/1305031119.447726.png 1305031119.445600 1.2776 0.5721 1.5313 0.6460 0.6571 -0.2856 -0.2633
1305031119.779169 rgb/1305031119.779169.png 1305031119.778628 depth/1305031119.778628.png 1305031119.775600 1.3669 0.5593 1.4616 0.6626 0.6523 -0.2655 -0.2548
1305031120.115232 rgb/1305031120.115232.png 1305031120.115249 depth/1305031120.115249.png 1305031120.115600 1.4236 0.5489 1.4163 0.6801 0.6450 -0.2503 -0.2425
1305031120.447417 rgb/1305031120.447417.png 1305031120.447433 depth/1305031120.447433.png 1305031120.445600 1.3631 0.5589 1.4593 0.6690 0.6414 -0.2678 -0.2630
1305031120.779894 rgb/1305031120.779894.png 1305031120.779908 depth/1305031120.779908.png 1305031120.775600 1.2643 0.5734 1.5081 0.6606 0.6316 -0.3078 -0.2643
1305031121.114696 rgb/1305031121.114696.png 1305031121.114878 depth/1305031121.114878.png 1305031121.115600 1.1799 0.5785 1.5653 0.6494 0.6379 -0.3110 -0.2731
1305031121.447319 rgb/1305031121.447319.png 1305031121.447024 depth/1305031121.447024.png 1305031121.445600 1.0961 0.5815 1.6241 0.6453 0.6332 -0.3221 -0.2810
1305031121.782835 rgb/1305031121.782835.png 1305031121.782871 depth/1305031121.782871.png 1305031121.785600 1.0202 0.5833 1.6723 0.6531 0.6310 -0.3064 -0.2854
1305031122.114672 rgb/1305031122.114672.png 1305031122.114688 depth/1305031122.114688.png 1305031122.115600 1.0343 0.5856 1.6577 0.6515 0.6343 -0.3064 -0.2817
1305031122.451257 rgb/1305031122.451257.png 1305031122.451272 depth/1305031122.451272.png 1305031122.455500 1.1486 0.5726 1.5930 0.6373 0.6634 -0.2919 -0.2618
1305031122.783423 rgb/1305031122.783423.png 1305031122.783438 depth/1305031122.783438.png 1305031122.785600 1.2551 0.5593 1.5385 0.6360 0.6677 -0.2961 -0.2490
1305031123.113873 rgb/1305031123.113873.png 1305031123.113939 depth/1305031123.113939.png 1305031123.115600 1.3337 0.5517 1.4846 0.6538 0.6592 -0.2790 -0.2453
1305031123.451255 rgb/1305031123.451255.png 1305031123.451266 depth/1305031123.451266.png 1305031123.455500 1.4086 0.5533 1.4102 0.6809 0.6510 -0.2377 -0.2365
1305031123.783858 rgb/1305031123.783858.png 1305031123.784138 depth/1305031123.784138.png 1305031123.785600 1.4608 0.5606 1.3639 0.7000 0.6399 -0.2229 -0.2255
1305031124.111331 rgb/1305031124.111331.png 1305031124.119669 depth/1305031124.119669.png 1305031124.115500 1.4308 0.5625 1.3878 0.6934 0.6386 -0.2469 -0.2248
1305031124.450245 rgb/1305031124.450245.png 1305031124.450256 depth/1305031124.450256.png 1305031124.445600 1.3530 0.5697 1.4463 0.6711 0.6427 -0.2811 -0.2399
1305031124.779365 rgb/1305031124.779365.png 1305031124.785178 depth/1305031124.785178.png 1305031124.775500 1.2512 0.5763 1.5202 0.6446 0.6486 -0.3095 -0.2609
1305031125.111364 rgb/1305031125.111364.png 1305031125.119029 depth/1305031125.119029.png 1305031125.115500 1.1324 0.5856 1.5766 0.6448 0.6430 -0.3192 -0.2624
1305031125.451195 rgb/1305031125.451195.png 1305031125.451232 depth/1305031125.451232.png 1305031125.455600 1.0527 0.5804 1.6215 0.6436 0.6458 -0.2990 -0.2817
1305031125.779348 rgb/1305031125.779348.png 1305031125.786805 depth/1305031125.786805.png 1305031125.775500 1.0627 0.5823 1.6256 0.6385 0.6420 -0.3073 -0.2928
1305031126.111370 rgb/1305031126.111370.png 1305031126.119452 depth/1305031126.119452.png 1305031126.115500 1.1561 0.5824 1.5622 0.6411 0.6503 -0.3100 -0.2647
1305031126.447361 rgb/1305031126.447361.png 1305031126.455380 depth/1305031126.455380.png 1305031126.445500 1.2569 0.5782 1.4808 0.6542 0.6580 -0.2757 -0.2512
1305031126.779379 rgb/1305031126.779379.png 1305031126.787565 depth/1305031126.787565.png 1305031126.775500 1.3285 0.5816 1.4339 0.6791 0.6468 -0.2589 -0.2311
1305031127.111435 rgb/1305031127.111435.png 1305031127.120963 depth/1305031127.120963.png 1305031127.115500 1.3448 0.5867 1.4313 0.6825 0.6419 -0.2602 -0.2334
1305031127.447333 rgb/1305031127.447333.png 1305031127.454246 depth/1305031127.454246.png 1305031127.445500 1.3185 0.5850 1.4430 0.6734 0.6456 -0.2734 -0.2344
1305031127.779346 rgb/1305031127.779346.png 1305031127.787641 depth/1305031127.787641.png 1305031127.775500 1.3022 0.5834 1.4469 0.6709 0.6466 -0.2787 -0.2328
1305031128.111391 rgb/1305031128.111391.png 1305031128.124746 depth/1305031128.124746.png 1305031128.115500 1.2885 0.5834 1.4467 0.6715 0.6486 -0.2769 -0.2275
1305031128.447296 rgb/1305031128.447296.png 1305031128.455499 depth/1305031128.455499.png 1305031128.445400 1.2811 0.5827 1.4505 0.6689 0.6498 -0.2791 -0.2292
